000 00A01 00000000 00080000 00000000 00000000 00000000 00000000 00000000 00000000 00000000 00000000 00000000 00000000 00000000 00000000 00000000 00000000
002 00B01 00000000 00000100 00000000 00000000 00000000 00000000 00000000 00000000 00000000 00000000 00080000 00000000 00000000 00000000 00000000 00000000
004 00700 00000000 00000000 00000000 00000000 00000000 00000000 00000000 00000000 00000000 00000000 00080000 00000100 00000000 00000000 00000000 00000000
005 1170B 00000000 00000000 00000000 00000000 00000000 00000000 00000000 00000000 00000000 00000000 00080000 00000100 00000000 00000000 00000000 00000000
006 00801 00000000 00000001 00000000 00000000 00000000 00000000 00000000 00000000 00000000 00000000 00080000 00000100 00000000 00000000 00000000 00000000
008 00BB1 00000000 00000001 00000000 00000000 00000000 00000000 00000000 00000000 00000001 00000000 00080000 00000100 00000000 00000000 00000000 00000000
00A 1180B 00000000 00000000 00000000 00000000 00000000 00000000 00000000 00000000 00000001 00000000 00080000 00000101 00000000 00000000 00000000 00000000
00B 00978 00000000 00000000 00000000 00000000 00000000 00000000 00000000 00000000 00000001 00000000 00080000 00000101 00000000 00000000 00000000 00000000
00C 0C19A 00000000 00000015 00000000 00000000 00000000 00000000 00000000 00000000 00000001 00000001 00080000 00000101 00000000 00000000 00000000 00000000
00E 00708 00000000 00000000 00000000 00000000 00000000 00000000 00000000 00000000 00000001 00000001 00080000 00000101 00000000 00000000 00000000 00000000
00F 00809 00000000 00000000 00000000 00000000 00000000 00000000 00000000 00000001 00000001 00000001 00080000 00000101 00000000 00000000 00000000 00000000
010 00BB1 00000000 00000001 00000000 00000000 00000000 00000000 00000000 00000001 00000001 00000001 00080000 00000101 00000000 00000000 00000000 00000000
012 1190B 00000000 00000000 00000000 00000000 00000000 00000000 00000000 00000001 00000001 00000001 00080000 00000102 00000000 00000000 00000000 00000000
013 09100 00000000 0000000B 00000000 00000000 00000000 00000000 00000000 00000001 00000001 00000001 00080000 00000102 00000000 00000000 00000000 00000000
00B 00978 00000000 00000000 00000000 00000000 00000000 00000000 00000000 00000001 00000001 00000001 00080000 00000102 00000000 00000000 00000000 00000000
00C 0C19A 00000000 00000015 00000000 00000000 00000000 00000000 00000000 00000001 00000001 00000002 00080000 00000102 00000000 00000000 00000000 00000000
00E 00708 00000000 00000000 00000000 00000000 00000000 00000000 00000000 00000001 00000001 00000002 00080000 00000102 00000000 00000000 00000000 00000000
00F 00809 00000000 00000000 00000000 00000000 00000000 00000000 00000000 00000001 00000001 00000002 00080000 00000102 00000000 00000000 00000000 00000000
010 00BB1 00000000 00000001 00000000 00000000 00000000 00000000 00000000 00000001 00000002 00000002 00080000 00000102 00000000 00000000 00000000 00000000
012 1190B 00000000 00000000 00000000 00000000 00000000 00000000 00000000 00000001 00000002 00000002 00080000 00000103 00000000 00000000 00000000 00000000
013 09100 00000000 0000000B 00000000 00000000 00000000 00000000 00000000 00000001 00000002 00000002 00080000 00000103 00000000 00000000 00000000 00000000
00B 00978 00000000 00000000 00000000 00000000 00000000 00000000 00000000 00000001 00000002 00000002 00080000 00000103 00000000 00000000 00000000 00000000
00C 0C19A 00000000 00000015 00000000 00000000 00000000 00000000 00000000 00000001 00000002 00000003 00080000 00000103 00000000 00000000 00000000 00000000
00E 00708 00000000 00000000 00000000 00000000 00000000 00000000 00000000 00000001 00000002 00000003 00080000 00000103 00000000 00000000 00000000 00000000
00F 00809 00000000 00000000 00000000 00000000 00000000 00000000 00000000 00000002 00000002 00000003 00080000 00000103 00000000 00000000 00000000 00000000
010 00BB1 00000000 00000001 00000000 00000000 00000000 00000000 00000000 00000002 00000003 00000003 00080000 00000103 00000000 00000000 00000000 00000000
012 1190B 00000000 00000000 00000000 00000000 00000000 00000000 00000000 00000002 00000003 00000003 00080000 00000104 00000000 00000000 00000000 00000000
013 09100 00000000 0000000B 00000000 00000000 00000000 00000000 00000000 00000002 00000003 00000003 00080000 00000104 00000000 00000000 00000000 00000000
00B 00978 00000000 00000000 00000000 00000000 00000000 00000000 00000000 00000002 00000003 00000003 00080000 00000104 00000000 00000000 00000000 00000000
00C 0C19A 00000000 00000015 00000000 00000000 00000000 00000000 00000000 00000002 00000003 00000005 00080000 00000104 00000000 00000000 00000000 00000000
00E 00708 00000000 00000000 00000000 00000000 00000000 00000000 00000000 00000002 00000003 00000005 00080000 00000104 00000000 00000000 00000000 00000000
00F 00809 00000000 00000000 00000000 00000000 00000000 00000000 00000000 00000003 00000003 00000005 00080000 00000104 00000000 00000000 00000000 00000000
010 00BB1 00000000 00000001 00000000 00000000 00000000 00000000 00000000 00000003 00000005 00000005 00080000 00000104 00000000 00000000 00000000 00000000
012 1190B 00000000 00000000 00000000 00000000 00000000 00000000 00000000 00000003 00000005 00000005 00080000 00000105 00000000 00000000 00000000 00000000
013 09100 00000000 0000000B 00000000 00000000 00000000 00000000 00000000 00000003 00000005 00000005 00080000 00000105 00000000 00000000 00000000 00000000
00B 00978 00000000 00000000 00000000 00000000 00000000 00000000 00000000 00000003 00000005 00000005 00080000 00000105 00000000 00000000 00000000 00000000
00C 0C19A 00000000 00000015 00000000 00000000 00000000 00000000 00000000 00000003 00000005 00000008 00080000 00000105 00000000 00000000 00000000 00000000
00E 00708 00000000 00000000 00000000 00000000 00000000 00000000 00000000 00000003 00000005 00000008 00080000 00000105 00000000 00000000 00000000 00000000
00F 00809 00000000 00000000 00000000 00000000 00000000 00000000 00000000 00000005 00000005 00000008 00080000 00000105 00000000 00000000 00000000 00000000
010 00BB1 00000000 00000001 00000000 00000000 00000000 00000000 00000000 00000005 00000008 00000008 00080000 00000105 00000000 00000000 00000000 00000000
012 1190B 00000000 00000000 00000000 00000000 00000000 00000000 00000000 00000005 00000008 00000008 00080000 00000106 00000000 00000000 00000000 00000000
013 09100 00000000 0000000B 00000000 00000000 00000000 00000000 00000000 00000005 00000008 00000008 00080000 00000106 00000000 00000000 00000000 00000000
00B 00978 00000000 00000000 00000000 00000000 00000000 00000000 00000000 00000005 00000008 00000008 00080000 00000106 00000000 00000000 00000000 00000000
00C 0C19A 00000000 00000015 00000000 00000000 00000000 00000000 00000000 00000005 00000008 0000000D 00080000 00000106 00000000 00000000 00000000 00000000
00E 00708 00000000 00000000 00000000 00000000 00000000 00000000 00000000 00000005 00000008 0000000D 00080000 00000106 00000000 00000000 00000000 00000000
00F 00809 00000000 00000000 00000000 00000000 00000000 00000000 00000000 00000008 00000008 0000000D 00080000 00000106 00000000 00000000 00000000 00000000
010 00BB1 00000000 00000001 00000000 00000000 00000000 00000000 00000000 00000008 0000000D 0000000D 00080000 00000106 00000000 00000000 00000000 00000000
012 1190B 00000000 00000000 00000000 00000000 00000000 00000000 00000000 00000008 0000000D 0000000D 00080000 00000107 00000000 00000000 00000000 00000000
013 09100 00000000 0000000B 00000000 00000000 00000000 00000000 00000000 00000008 0000000D 0000000D 00080000 00000107 00000000 00000000 00000000 00000000
00B 00978 00000000 00000000 00000000 00000000 00000000 00000000 00000000 00000008 0000000D 0000000D 00080000 00000107 00000000 00000000 00000000 00000000
00C 0C19A 00000000 00000015 00000000 00000000 00000000 00000000 00000000 00000008 0000000D 00000015 00080000 00000107 00000000 00000000 00000000 00000000
00E 00708 00000000 00000000 00000000 00000000 00000000 00000000 00000000 00000008 0000000D 00000015 00080000 00000107 00000000 00000000 00000000 00000000
00F 00809 00000000 00000000 00000000 00000000 00000000 00000000 00000000 0000000D 0000000D 00000015 00080000 00000107 00000000 00000000 00000000 00000000
010 00BB1 00000000 00000001 00000000 00000000 00000000 00000000 00000000 0000000D 00000015 00000015 00080000 00000107 00000000 00000000 00000000 00000000
012 1190B 00000000 00000000 00000000 00000000 00000000 00000000 00000000 0000000D 00000015 00000015 00080000 00000108 00000000 00000000 00000000 00000000
013 09100 00000000 0000000B 00000000 00000000 00000000 00000000 00000000 0000000D 00000015 00000015 00080000 00000108 00000000 00000000 00000000 00000000
00B 00978 00000000 00000000 00000000 00000000 00000000 00000000 00000000 0000000D 00000015 00000015 00080000 00000108 00000000 00000000 00000000 00000000
00C 0C19A 00000000 00000015 00000000 00000000 00000000 00000000 00000000 0000000D 00000015 00000022 00080000 00000108 00000000 00000000 00000000 00000000
00E 00708 00000000 00000000 00000000 00000000 00000000 00000000 00000000 0000000D 00000015 00000022 00080000 00000108 00000000 00000000 00000000 00000000
00F 00809 00000000 00000000 00000000 00000000 00000000 00000000 00000000 00000015 00000015 00000022 00080000 00000108 00000000 00000000 00000000 00000000
010 00BB1 00000000 00000001 00000000 00000000 00000000 00000000 00000000 00000015 00000022 00000022 00080000 00000108 00000000 00000000 00000000 00000000
012 1190B 00000000 00000000 00000000 00000000 00000000 00000000 00000000 00000015 00000022 00000022 00080000 00000109 00000000 00000000 00000000 00000000
013 09100 00000000 0000000B 00000000 00000000 00000000 00000000 00000000 00000015 00000022 00000022 00080000 00000109 00000000 00000000 00000000 00000000
00B 00978 00000000 00000000 00000000 00000000 00000000 00000000 00000000 00000015 00000022 00000022 00080000 00000109 00000000 00000000 00000000 00000000
00C 0C19A 00000000 00000015 00000000 00000000 00000000 00000000 00000000 00000015 00000022 00000037 00080000 00000109 00000000 00000000 00000000 00000000
00E 00708 00000000 00000000 00000000 00000000 00000000 00000000 00000000 00000015 00000022 00000037 00080000 00000109 00000000 00000000 00000000 00000000
00F 00809 00000000 00000000 00000000 00000000 00000000 00000000 00000000 00000022 00000022 00000037 00080000 00000109 00000000 00000000 00000000 00000000
010 00BB1 00000000 00000001 00000000 00000000 00000000 00000000 00000000 00000022 00000037 00000037 00080000 00000109 00000000 00000000 00000000 00000000
012 1190B 00000000 00000000 00000000 00000000 00000000 00000000 00000000 00000022 00000037 00000037 00080000 0000010A 00000000 00000000 00000000 00000000
013 09100 00000000 0000000B 00000000 00000000 00000000 00000000 00000000 00000022 00000037 00000037 00080000 0000010A 00000000 00000000 00000000 00000000
00B 00978 00000000 00000000 00000000 00000000 00000000 00000000 00000000 00000022 00000037 00000037 00080000 0000010A 00000000 00000000 00000000 00000000
00C 0C19A 00000000 00000015 00000000 00000000 00000000 00000000 00000000 00000022 00000037 00000059 00080000 0000010A 00000000 00000000 00000000 00000000
00E 00708 00000000 00000000 00000000 00000000 00000000 00000000 00000000 00000022 00000037 00000059 00080000 0000010A 00000000 00000000 00000000 00000000
00F 00809 00000000 00000000 00000000 00000000 00000000 00000000 00000000 00000037 00000037 00000059 00080000 0000010A 00000000 00000000 00000000 00000000
010 00BB1 00000000 00000001 00000000 00000000 00000000 00000000 00000000 00000037 00000059 00000059 00080000 0000010A 00000000 00000000 00000000 00000000
012 1190B 00000000 00000000 00000000 00000000 00000000 00000000 00000000 00000037 00000059 00000059 00080000 0000010B 00000000 00000000 00000000 00000000
013 09100 00000000 0000000B 00000000 00000000 00000000 00000000 00000000 00000037 00000059 00000059 00080000 0000010B 00000000 00000000 00000000 00000000
00B 00978 00000000 00000000 00000000 00000000 00000000 00000000 00000000 00000037 00000059 00000059 00080000 0000010B 00000000 00000000 00000000 00000000
00C 0C19A 00000000 00000015 00000000 00000000 00000000 00000000 00000000 00000037 00000059 00000090 00080000 0000010B 00000000 00000000 00000000 00000000
00E 00708 00000000 00000000 00000000 00000000 00000000 00000000 00000000 00000037 00000059 00000090 00080000 0000010B 00000000 00000000 00000000 00000000
00F 00809 00000000 00000000 00000000 00000000 00000000 00000000 00000000 00000059 00000059 00000090 00080000 0000010B 00000000 00000000 00000000 00000000
010 00BB1 00000000 00000001 00000000 00000000 00000000 00000000 00000000 00000059 00000090 00000090 00080000 0000010B 00000000 00000000 00000000 00000000
012 1190B 00000000 00000000 00000000 00000000 00000000 00000000 00000000 00000059 00000090 00000090 00080000 0000010C 00000000 00000000 00000000 00000000
013 09100 00000000 0000000B 00000000 00000000 00000000 00000000 00000000 00000059 00000090 00000090 00080000 0000010C 00000000 00000000 00000000 00000000
00B 00978 00000000 00000000 00000000 00000000 00000000 00000000 00000000 00000059 00000090 00000090 00080000 0000010C 00000000 00000000 00000000 00000000
00C 0C19A 00000000 00000015 00000000 00000000 00000000 00000000 00000000 00000059 00000090 000000E9 00080000 0000010C 00000000 00000000 00000000 00000000
00E 00708 00000000 00000000 00000000 00000000 00000000 00000000 00000000 00000059 00000090 000000E9 00080000 0000010C 00000000 00000000 00000000 00000000
00F 00809 00000000 00000000 00000000 00000000 00000000 00000000 00000000 00000090 00000090 000000E9 00080000 0000010C 00000000 00000000 00000000 00000000
010 00BB1 00000000 00000001 00000000 00000000 00000000 00000000 00000000 00000090 000000E9 000000E9 00080000 0000010C 00000000 00000000 00000000 00000000
012 1190B 00000000 00000000 00000000 00000000 00000000 00000000 00000000 00000090 000000E9 000000E9 00080000 0000010D 00000000 00000000 00000000 00000000
013 09100 00000000 0000000B 00000000 00000000 00000000 00000000 00000000 00000090 000000E9 000000E9 00080000 0000010D 00000000 00000000 00000000 00000000
00B 00978 00000000 00000000 00000000 00000000 00000000 00000000 00000000 00000090 000000E9 000000E9 00080000 0000010D 00000000 00000000 00000000 00000000
00C 0C19A 00000000 00000015 00000000 00000000 00000000 00000000 00000000 00000090 000000E9 00000179 00080000 0000010D 00000000 00000000 00000000 00000000
00E 00708 00000000 00000000 00000000 00000000 00000000 00000000 00000000 00000090 000000E9 00000179 00080000 0000010D 00000000 00000000 00000000 00000000
00F 00809 00000000 00000000 00000000 00000000 00000000 00000000 00000000 000000E9 000000E9 00000179 00080000 0000010D 00000000 00000000 00000000 00000000
010 00BB1 00000000 00000001 00000000 00000000 00000000 00000000 00000000 000000E9 00000179 00000179 00080000 0000010D 00000000 00000000 00000000 00000000
012 1190B 00000000 00000000 00000000 00000000 00000000 00000000 00000000 000000E9 00000179 00000179 00080000 0000010E 00000000 00000000 00000000 00000000
013 09100 00000000 0000000B 00000000 00000000 00000000 00000000 00000000 000000E9 00000179 00000179 00080000 0000010E 00000000 00000000 00000000 00000000
00B 00978 00000000 00000000 00000000 00000000 00000000 00000000 00000000 000000E9 00000179 00000179 00080000 0000010E 00000000 00000000 00000000 00000000
00C 0C19A 00000000 00000015 00000000 00000000 00000000 00000000 00000000 000000E9 00000179 00000262 00080000 0000010E 00000000 00000000 00000000 00000000
00E 00708 00000000 00000000 00000000 00000000 00000000 00000000 00000000 000000E9 00000179 00000262 00080000 0000010E 00000000 00000000 00000000 00000000
00F 00809 00000000 00000000 00000000 00000000 00000000 00000000 00000000 00000179 00000179 00000262 00080000 0000010E 00000000 00000000 00000000 00000000
010 00BB1 00000000 00000001 00000000 00000000 00000000 00000000 00000000 00000179 00000262 00000262 00080000 0000010E 00000000 00000000 00000000 00000000
012 1190B 00000000 00000000 00000000 00000000 00000000 00000000 00000000 00000179 00000262 00000262 00080000 0000010F 00000000 00000000 00000000 00000000
013 09100 00000000 0000000B 00000000 00000000 00000000 00000000 00000000 00000179 00000262 00000262 00080000 0000010F 00000000 00000000 00000000 00000000
00B 00978 00000000 00000000 00000000 00000000 00000000 00000000 00000000 00000179 00000262 00000262 00080000 0000010F 00000000 00000000 00000000 00000000
00C 0C19A 00000000 00000015 00000000 00000000 00000000 00000000 00000000 00000179 00000262 000003DB 00080000 0000010F 00000000 00000000 00000000 00000000
00E 00708 00000000 00000000 00000000 00000000 00000000 00000000 00000000 00000179 00000262 000003DB 00080000 0000010F 00000000 00000000 00000000 00000000
00F 00809 00000000 00000000 00000000 00000000 00000000 00000000 00000000 00000262 00000262 000003DB 00080000 0000010F 00000000 00000000 00000000 00000000
010 00BB1 00000000 00000001 00000000 00000000 00000000 00000000 00000000 00000262 000003DB 000003DB 00080000 0000010F 00000000 00000000 00000000 00000000
012 1190B 00000000 00000000 00000000 00000000 00000000 00000000 00000000 00000262 000003DB 000003DB 00080000 00000110 00000000 00000000 00000000 00000000
013 09100 00000000 0000000B 00000000 00000000 00000000 00000000 00000000 00000262 000003DB 000003DB 00080000 00000110 00000000 00000000 00000000 00000000
00B 00978 00000000 00000000 00000000 00000000 00000000 00000000 00000000 00000262 000003DB 000003DB 00080000 00000110 00000000 00000000 00000000 00000000
00C 0C19A 00000000 00000015 00000000 00000000 00000000 00000000 00000000 00000262 000003DB 0000063D 00080000 00000110 00000000 00000000 00000000 00000000
00E 00708 00000000 00000000 00000000 00000000 00000000 00000000 00000000 00000262 000003DB 0000063D 00080000 00000110 00000000 00000000 00000000 00000000
00F 00809 00000000 00000000 00000000 00000000 00000000 00000000 00000000 000003DB 000003DB 0000063D 00080000 00000110 00000000 00000000 00000000 00000000
010 00BB1 00000000 00000001 00000000 00000000 00000000 00000000 00000000 000003DB 0000063D 0000063D 00080000 00000110 00000000 00000000 00000000 00000000
012 1190B 00000000 00000000 00000000 00000000 00000000 00000000 00000000 000003DB 0000063D 0000063D 00080000 00000111 00000000 00000000 00000000 00000000
013 09100 00000000 0000000B 00000000 00000000 00000000 00000000 00000000 000003DB 0000063D 0000063D 00080000 00000111 00000000 00000000 00000000 00000000
00B 00978 00000000 00000000 00000000 00000000 00000000 00000000 00000000 000003DB 0000063D 0000063D 00080000 00000111 00000000 00000000 00000000 00000000
00C 0C19A 00000000 00000015 00000000 00000000 00000000 00000000 00000000 000003DB 0000063D 00000A18 00080000 00000111 00000000 00000000 00000000 00000000
00E 00708 00000000 00000000 00000000 00000000 00000000 00000000 00000000 000003DB 0000063D 00000A18 00080000 00000111 00000000 00000000 00000000 00000000
00F 00809 00000000 00000000 00000000 00000000 00000000 00000000 00000000 0000063D 0000063D 00000A18 00080000 00000111 00000000 00000000 00000000 00000000
010 00BB1 00000000 00000001 00000000 00000000 00000000 00000000 00000000 0000063D 00000A18 00000A18 00080000 00000111 00000000 00000000 00000000 00000000
012 1190B 00000000 00000000 00000000 00000000 00000000 00000000 00000000 0000063D 00000A18 00000A18 00080000 00000112 00000000 00000000 00000000 00000000
013 09100 00000000 0000000B 00000000 00000000 00000000 00000000 00000000 0000063D 00000A18 00000A18 00080000 00000112 00000000 00000000 00000000 00000000
00B 00978 00000000 00000000 00000000 00000000 00000000 00000000 00000000 0000063D 00000A18 00000A18 00080000 00000112 00000000 00000000 00000000 00000000
00C 0C19A 00000000 00000015 00000000 00000000 00000000 00000000 00000000 0000063D 00000A18 00001055 00080000 00000112 00000000 00000000 00000000 00000000
00E 00708 00000000 00000000 00000000 00000000 00000000 00000000 00000000 0000063D 00000A18 00001055 00080000 00000112 00000000 00000000 00000000 00000000
00F 00809 00000000 00000000 00000000 00000000 00000000 00000000 00000000 00000A18 00000A18 00001055 00080000 00000112 00000000 00000000 00000000 00000000
010 00BB1 00000000 00000001 00000000 00000000 00000000 00000000 00000000 00000A18 00001055 00001055 00080000 00000112 00000000 00000000 00000000 00000000
012 1190B 00000000 00000000 00000000 00000000 00000000 00000000 00000000 00000A18 00001055 00001055 00080000 00000113 00000000 00000000 00000000 00000000
013 09100 00000000 0000000B 00000000 00000000 00000000 00000000 00000000 00000A18 00001055 00001055 00080000 00000113 00000000 00000000 00000000 00000000
00B 00978 00000000 00000000 00000000 00000000 00000000 00000000 00000000 00000A18 00001055 00001055 00080000 00000113 00000000 00000000 00000000 00000000
00C 0C19A 00000000 00000015 00000000 00000000 00000000 00000000 00000000 00000A18 00001055 00001A6D 00080000 00000113 00000000 00000000 00000000 00000000
00E 00708 00000000 00000000 00000000 00000000 00000000 00000000 00000000 00000A18 00001055 00001A6D 00080000 00000113 00000000 00000000 00000000 00000000
00F 00809 00000000 00000000 00000000 00000000 00000000 00000000 00000000 00001055 00001055 00001A6D 00080000 00000113 00000000 00000000 00000000 00000000
010 00BB1 00000000 00000001 00000000 00000000 00000000 00000000 00000000 00001055 00001A6D 00001A6D 00080000 00000113 00000000 00000000 00000000 00000000
012 1190B 00000000 00000000 00000000 00000000 00000000 00000000 00000000 00001055 00001A6D 00001A6D 00080000 00000114 00000000 00000000 00000000 00000000
013 09100 00000000 0000000B 00000000 00000000 00000000 00000000 00000000 00001055 00001A6D 00001A6D 00080000 00000114 00000000 00000000 00000000 00000000
00B 00978 00000000 00000000 00000000 00000000 00000000 00000000 00000000 00001055 00001A6D 00001A6D 00080000 00000114 00000000 00000000 00000000 00000000
00C 0C19A 00000000 00000015 00000000 00000000 00000000 00000000 00000000 00001055 00001A6D 00002AC2 00080000 00000114 00000000 00000000 00000000 00000000
00E 00708 00000000 00000000 00000000 00000000 00000000 00000000 00000000 00001055 00001A6D 00002AC2 00080000 00000114 00000000 00000000 00000000 00000000
00F 00809 00000000 00000000 00000000 00000000 00000000 00000000 00000000 00001A6D 00001A6D 00002AC2 00080000 00000114 00000000 00000000 00000000 00000000
010 00BB1 00000000 00000001 00000000 00000000 00000000 00000000 00000000 00001A6D 00002AC2 00002AC2 00080000 00000114 00000000 00000000 00000000 00000000
012 1190B 00000000 00000000 00000000 00000000 00000000 00000000 00000000 00001A6D 00002AC2 00002AC2 00080000 00000115 00000000 00000000 00000000 00000000
013 09100 00000000 0000000B 00000000 00000000 00000000 00000000 00000000 00001A6D 00002AC2 00002AC2 00080000 00000115 00000000 00000000 00000000 00000000
00B 00978 00000000 00000000 00000000 00000000 00000000 00000000 00000000 00001A6D 00002AC2 00002AC2 00080000 00000115 00000000 00000000 00000000 00000000
00C 0C19A 00000000 00000015 00000000 00000000 00000000 00000000 00000000 00001A6D 00002AC2 0000452F 00080000 00000115 00000000 00000000 00000000 00000000
00E 00708 00000000 00000000 00000000 00000000 00000000 00000000 00000000 00001A6D 00002AC2 0000452F 00080000 00000115 00000000 00000000 00000000 00000000
00F 00809 00000000 00000000 00000000 00000000 00000000 00000000 00000000 00002AC2 00002AC2 0000452F 00080000 00000115 00000000 00000000 00000000 00000000
010 00BB1 00000000 00000001 00000000 00000000 00000000 00000000 00000000 00002AC2 0000452F 0000452F 00080000 00000115 00000000 00000000 00000000 00000000
012 1190B 00000000 00000000 00000000 00000000 00000000 00000000 00000000 00002AC2 0000452F 0000452F 00080000 00000116 00000000 00000000 00000000 00000000
013 09100 00000000 0000000B 00000000 00000000 00000000 00000000 00000000 00002AC2 0000452F 0000452F 00080000 00000116 00000000 00000000 00000000 00000000
00B 00978 00000000 00000000 00000000 00000000 00000000 00000000 00000000 00002AC2 0000452F 0000452F 00080000 00000116 00000000 00000000 00000000 00000000
00C 0C19A 00000000 00000015 00000000 00000000 00000000 00000000 00000000 00002AC2 0000452F 00006FF1 00080000 00000116 00000000 00000000 00000000 00000000
00E 00708 00000000 00000000 00000000 00000000 00000000 00000000 00000000 00002AC2 0000452F 00006FF1 00080000 00000116 00000000 00000000 00000000 00000000
00F 00809 00000000 00000000 00000000 00000000 00000000 00000000 00000000 0000452F 0000452F 00006FF1 00080000 00000116 00000000 00000000 00000000 00000000
010 00BB1 00000000 00000001 00000000 00000000 00000000 00000000 00000000 0000452F 00006FF1 00006FF1 00080000 00000116 00000000 00000000 00000000 00000000
012 1190B 00000000 00000000 00000000 00000000 00000000 00000000 00000000 0000452F 00006FF1 00006FF1 00080000 00000117 00000000 00000000 00000000 00000000
013 09100 00000000 0000000B 00000000 00000000 00000000 00000000 00000000 0000452F 00006FF1 00006FF1 00080000 00000117 00000000 00000000 00000000 00000000
00B 00978 00000000 00000000 00000000 00000000 00000000 00000000 00000000 0000452F 00006FF1 00006FF1 00080000 00000117 00000000 00000000 00000000 00000000
00C 0C19A 00000000 00000015 00000000 00000000 00000000 00000000 00000000 0000452F 00006FF1 0000B520 00080000 00000117 00000000 00000000 00000000 00000000
00E 00708 00000000 00000000 00000000 00000000 00000000 00000000 00000000 0000452F 00006FF1 0000B520 00080000 00000117 00000000 00000000 00000000 00000000
00F 00809 00000000 00000000 00000000 00000000 00000000 00000000 00000000 00006FF1 00006FF1 0000B520 00080000 00000117 00000000 00000000 00000000 00000000
010 00BB1 00000000 00000001 00000000 00000000 00000000 00000000 00000000 00006FF1 0000B520 0000B520 00080000 00000117 00000000 00000000 00000000 00000000
012 1190B 00000000 00000000 00000000 00000000 00000000 00000000 00000000 00006FF1 0000B520 0000B520 00080000 00000118 00000000 00000000 00000000 00000000
013 09100 00000000 0000000B 00000000 00000000 00000000 00000000 00000000 00006FF1 0000B520 0000B520 00080000 00000118 00000000 00000000 00000000 00000000
00B 00978 00000000 00000000 00000000 00000000 00000000 00000000 00000000 00006FF1 0000B520 0000B520 00080000 00000118 00000000 00000000 00000000 00000000
00C 0C19A 00000000 00000015 00000000 00000000 00000000 00000000 00000000 00006FF1 0000B520 00012511 00080000 00000118 00000000 00000000 00000000 00000000
00E 00708 00000000 00000000 00000000 00000000 00000000 00000000 00000000 00006FF1 0000B520 00012511 00080000 00000118 00000000 00000000 00000000 00000000
00F 00809 00000000 00000000 00000000 00000000 00000000 00000000 00000000 0000B520 0000B520 00012511 00080000 00000118 00000000 00000000 00000000 00000000
010 00BB1 00000000 00000001 00000000 00000000 00000000 00000000 00000000 0000B520 00012511 00012511 00080000 00000118 00000000 00000000 00000000 00000000
012 1190B 00000000 00000000 00000000 00000000 00000000 00000000 00000000 0000B520 00012511 00012511 00080000 00000119 00000000 00000000 00000000 00000000
013 09100 00000000 0000000B 00000000 00000000 00000000 00000000 00000000 0000B520 00012511 00012511 00080000 00000119 00000000 00000000 00000000 00000000
00B 00978 00000000 00000000 00000000 00000000 00000000 00000000 00000000 0000B520 00012511 00012511 00080000 00000119 00000000 00000000 00000000 00000000
00C 0C19A 00000000 00000015 00000000 00000000 00000000 00000000 00000000 0000B520 00012511 0001DA31 00080000 00000119 00000000 00000000 00000000 00000000
00E 00708 00000000 00000000 00000000 00000000 00000000 00000000 00000000 0000B520 00012511 0001DA31 00080000 00000119 00000000 00000000 00000000 00000000
00F 00809 00000000 00000000 00000000 00000000 00000000 00000000 00000000 00012511 00012511 0001DA31 00080000 00000119 00000000 00000000 00000000 00000000
010 00BB1 00000000 00000001 00000000 00000000 00000000 00000000 00000000 00012511 0001DA31 0001DA31 00080000 00000119 00000000 00000000 00000000 00000000
012 1190B 00000000 00000000 00000000 00000000 00000000 00000000 00000000 00012511 0001DA31 0001DA31 00080000 0000011A 00000000 00000000 00000000 00000000
013 09100 00000000 0000000B 00000000 00000000 00000000 00000000 00000000 00012511 0001DA31 0001DA31 00080000 0000011A 00000000 00000000 00000000 00000000
00B 00978 00000000 00000000 00000000 00000000 00000000 00000000 00000000 00012511 0001DA31 0001DA31 00080000 0000011A 00000000 00000000 00000000 00000000
00C 0C19A 00000000 00000015 00000000 00000000 00000000 00000000 00000000 00012511 0001DA31 0002FF42 00080000 0000011A 00000000 00000000 00000000 00000000
00E 00708 00000000 00000000 00000000 00000000 00000000 00000000 00000000 00012511 0001DA31 0002FF42 00080000 0000011A 00000000 00000000 00000000 00000000
00F 00809 00000000 00000000 00000000 00000000 00000000 00000000 00000000 0001DA31 0001DA31 0002FF42 00080000 0000011A 00000000 00000000 00000000 00000000
010 00BB1 00000000 00000001 00000000 00000000 00000000 00000000 00000000 0001DA31 0002FF42 0002FF42 00080000 0000011A 00000000 00000000 00000000 00000000
012 1190B 00000000 00000000 00000000 00000000 00000000 00000000 00000000 0001DA31 0002FF42 0002FF42 00080000 0000011B 00000000 00000000 00000000 00000000
013 09100 00000000 0000000B 00000000 00000000 00000000 00000000 00000000 0001DA31 0002FF42 0002FF42 00080000 0000011B 00000000 00000000 00000000 00000000
00B 00978 00000000 00000000 00000000 00000000 00000000 00000000 00000000 0001DA31 0002FF42 0002FF42 00080000 0000011B 00000000 00000000 00000000 00000000
00C 0C19A 00000000 00000015 00000000 00000000 00000000 00000000 00000000 0001DA31 0002FF42 0004D973 00080000 0000011B 00000000 00000000 00000000 00000000
00E 00708 00000000 00000000 00000000 00000000 00000000 00000000 00000000 0001DA31 0002FF42 0004D973 00080000 0000011B 00000000 00000000 00000000 00000000
00F 00809 00000000 00000000 00000000 00000000 00000000 00000000 00000000 0002FF42 0002FF42 0004D973 00080000 0000011B 00000000 00000000 00000000 00000000
010 00BB1 00000000 00000001 00000000 00000000 00000000 00000000 00000000 0002FF42 0004D973 0004D973 00080000 0000011B 00000000 00000000 00000000 00000000
012 1190B 00000000 00000000 00000000 00000000 00000000 00000000 00000000 0002FF42 0004D973 0004D973 00080000 0000011C 00000000 00000000 00000000 00000000
013 09100 00000000 0000000B 00000000 00000000 00000000 00000000 00000000 0002FF42 0004D973 0004D973 00080000 0000011C 00000000 00000000 00000000 00000000
00B 00978 00000000 00000000 00000000 00000000 00000000 00000000 00000000 0002FF42 0004D973 0004D973 00080000 0000011C 00000000 00000000 00000000 00000000
00C 0C19A 00000000 00000015 00000000 00000000 00000000 00000000 00000000 0002FF42 0004D973 0007D8B5 00080000 0000011C 00000000 00000000 00000000 00000000
00E 00708 00000000 00000000 00000000 00000000 00000000 00000000 00000000 0002FF42 0004D973 0007D8B5 00080000 0000011C 00000000 00000000 00000000 00000000
00F 00809 00000000 00000000 00000000 00000000 00000000 00000000 00000000 0004D973 0004D973 0007D8B5 00080000 0000011C 00000000 00000000 00000000 00000000
010 00BB1 00000000 00000001 00000000 00000000 00000000 00000000 00000000 0004D973 0007D8B5 0007D8B5 00080000 0000011C 00000000 00000000 00000000 00000000
012 1190B 00000000 00000000 00000000 00000000 00000000 00000000 00000000 0004D973 0007D8B5 0007D8B5 00080000 0000011D 00000000 00000000 00000000 00000000
013 09100 00000000 0000000B 00000000 00000000 00000000 00000000 00000000 0004D973 0007D8B5 0007D8B5 00080000 0000011D 00000000 00000000 00000000 00000000
00B 00978 00000000 00000000 00000000 00000000 00000000 00000000 00000000 0004D973 0007D8B5 0007D8B5 00080000 0000011D 00000000 00000000 00000000 00000000
00C 0C19A 00000000 00000015 00000000 00000000 00000000 00000000 00000000 0004D973 0007D8B5 000CB228 00080000 0000011D 00000000 00000000 00000000 00000000
015 15000 00000000 00000000 00000000 00000000 00000000 00000000 00000000 0004D973 0007D8B5 000CB228 00080000 0000011D 00000000 00000000 00000000 00000000
