152 00010001
186 fffeffff
205 ffff0000
224 00010001
258 00000000
277 00000001
296 00020002
330 00010001
349 00010003
368 00030005
421 00010001
455 fffeffff
474 ffff0000
493 00010001
527 00000000
546 00000001
565 00020002
584 00040007
656 00010001
690 fffeffff
709 ffff0000
728 00010001
762 00000000
781 00000001
800 00020002
834 00010001
853 00010003
872 00030005
891 0005000c
982 00010001
1016 fffeffff
1035 ffff0000
1054 00010001
1088 00000000
1107 00000001
1126 00020002
1160 00010001
1179 00010003
1198 00030005
1251 00010001
1285 fffeffff
1304 ffff0000
1323 00010001
1357 00000000
1376 00000001
1395 00020002
1414 00040007
1433 00060013
1543 00010001
1577 fffeffff
1596 ffff0000
1615 00010001
1649 00000000
1668 00000001
1687 00020002
1721 00010001
1740 00010003
1759 00030005
1812 00010001
1846 fffeffff
1865 ffff0000
1884 00010001
1918 00000000
1937 00000001
1956 00020002
1975 00040007
2047 00010001
2081 fffeffff
2100 ffff0000
2119 00010001
2153 00000000
2172 00000001
2191 00020002
2225 00010001
2244 00010003
2263 00030005
2282 0005000c
2301 0007001f
